# Created by Octave 5.2.0, Sun Sep 27 15:38:48 2020 GMT <unknown@DESKTOP-RL3Q6T0>
# name: v
# type: matrix
# rows: 1
# columns: 2
 1 3


